date_other_fmt,date,detected,Aktywne przypadki,recovered,deaths,average2,average3,average4,daily,daily_average7,daily_average14,corrections,comment,city source,avg_mobility_DW,average,detections
30.03.2020,30/03/2020,106,,,2,106,106,106,0,0,0,0,,,37.22,0.37,106
31.03.2020,31/03/2020,115,,,2,110.5,110.5,110.5,9,0,0,0,,,37.08,0.37,110.5
01.04.2020,01/04/2020,130,,,2,123.5,117.6666667,117.6666667,15,0,0,0,,,36.96,0.37,123.5
02.04.2020,02/04/2020,134,,,3,133,127,121.75,4,0,0,0,,,35.95,0.36,133
03.04.2020,03/04/2020,158,,,3,146,141.3333333,134.75,24,0,0,0,,,35.92,0.36,146
04.04.2020,04/04/2020,163,,,3,160.5,151.6666667,146.75,5,0,0,0,,,27.79,0.28,160.5
05.04.2020,05/04/2020,184,,,5,173.5,168.3333333,159.75,21,11.1428571428571,0,0,,,28.0,0.3,173.5
06.04.2020,06/04/2020,191,,,6,187.5,179.3333333,174,7,12.1428571428571,0,0,,,37.46,0.37,187.5
07.04.2020,07/04/2020,197,,,6,194,190.6666667,183.75,6,11.7142857142857,0,0,,,37.99,0.38,194
08.04.2020,08/04/2020,202,,,6,199.5,196.6666667,193.5,5,10.2857142857143,0,0,,,40.24,0.40,199.5
09.04.2020,09/04/2020,211,,,6,206.5,203.3333333,200.25,9,11,0,0,,,42.61,0.43,206.5
10.04.2020,10/04/2020,220,,,7,215.5,211,207.5,9,8.85714285714286,0,0,,,39.93,0.40,215.5
11.04.2020,11/04/2020,227,,,7,223.5,219.3333333,215,7,9.14285714285714,0,0,,,27.04,0.27,223.5
12.04.2020,12/04/2020,227,,,7,227,224.6666667,221.25,0,6.14285714285714,8.64285714285714,0,,,19.87,0.20,227
13.04.2020,13/04/2020,232,,,7,226.5,226.6666667,225,5,5.85714285714286,9,0,?,,26.81,0.27,226.5
14.04.2020,14/04/2020,232,,,7,227,227,227,0,5,8.35714285714286,0,,228,39.24,0.39,227
15.04.2020,15/04/2020,232,,,7,232.5,230.3333333,229.5,0,4.28571428571429,7.28571428571429,0,,237,40.88,0.41,232.5
16.04.2020,16/04/2020,236,,,8,239,235.3333333,233,4,3.57142857142857,7.28571428571429,0,,241,41.7,0.4,239
17.04.2020,17/04/2020,252,,,8,246.5,243.3333333,239.5,16,4.57142857142857,6.71428571428571,0,,,44.25,0.44,246.5
18.04.2020,18/04/2020,259,,,8,255.5,249,244.5,7,4.57142857142857,6.85714285714286,0,,253,36.51,0.37,255.5
19.04.2020,19/04/2020,276,,,8,267.5,262.3333333,255.75,17,7,6.57142857142857,0,,,37.39,0.37,267.5
20.04.2020,20/04/2020,283,,,8,279.5,272.6666667,267.5,7,7.28571428571429,6.57142857142857,0,,,48.28,0.48,279.5
21.04.2020,21/04/2020,285,,,8,284,281.3333333,275.75,2,7.57142857142857,6.28571428571429,0,,292,50.75,0.51,284
22.04.2020,22/04/2020,286,,,9,285.5,284.666666666667,282.5,1,7.71428571428571,6,,,,53.52,0.54,285.5
23.04.2020,23/04/2020,308,,,9,297,293,290.5,22,10.2857142857143,6.92857142857143,,,,58.51,0.59,297
24.04.2020,24/04/2020,312,,,9,310,302,297.75,4,8.57142857142857,6.57142857142857,,,,59.41,0.59,310
25.04.2020,25/04/2020,317,,,11,314.5,312.333333333333,305.75,5,8.28571428571429,6.42857142857143,,,,45.8,0.5,314.5
26.04.2020,26/04/2020,323,,,11,320,317.333333333333,315,6,6.71428571428571,6.85714285714286,,,,57.75,0.58,320
27.04.2020,27/04/2020,330,,,11,326.5,323.333333333333,320.5,7,6.71428571428571,7,,,,65.68,0.66,326.5
28.04.2020,28/04/2020,336,,,13,333,329.666666666667,326.5,6,7.28571428571429,7.42857142857143,,,,64.38,0.64,333
29.04.2020,29/04/2020,344,,,14,340,336.666666666667,333.25,8,8.28571428571429,8,,,,61.23,0.61,340
30.04.2020,30/04/2020,349,,,15,346.5,343,339.75,5,5.85714285714286,8.07142857142857,,,,68.29,0.68,346.5
01.05.2020,01/05/2020,352,,,15,350.5,348.333333333333,345.25,3,5.71428571428571,7.14285714285714,,,,58.41,0.58,350.5
02.05.2020,02/05/2020,360,,,15,356,353.666666666667,351.25,8,6.14285714285714,7.21428571428571,,,,58.27,0.58,356
03.05.2020,03/05/2020,363,,,16,361.5,358.333333333333,356,3,5.71428571428571,6.21428571428571,,,,61.79,0.62,361.5
04.05.2020,04/05/2020,369,,,17,366,364,361,6,5.57142857142857,6.14285714285714,,,,63.33,0.63,366
05.05.2020,05/05/2020,380,,,20,374.5,370.666666666667,368,11,6.28571428571429,6.78571428571429,,,,64.4,0.6,374.5
06.05.2020,06/05/2020,381,254,107,20,380.5,376.666666666667,373.25,1,5.28571428571429,6.78571428571429,,,,68.8,0.7,380.5
07.05.2020,07/05/2020,388,259,107,22,384.5,383,379.5,7,5.57142857142857,5.71428571428571,,,,76.12,0.76,384.5
08.05.2020,08/05/2020,402,256,118,28,395,390.333333333333,387.75,14,7.14285714285714,6.42857142857143,,,,86.59,0.87,395
09.05.2020,09/05/2020,407,261,118,28,404.5,399,394.5,5,6.71428571428571,6.42857142857143,,,,,,
10.05.2020,10/05/2020,408,262,118,28,407.5,405.666666666667,401.25,1,6.42857142857143,6.07142857142857,,,,,,
11.05.2020,11/05/2020,411,262,121,28,409.5,408.666666666667,407,3,6,5.78571428571429,,,,,,
12.05.2020,12/05/2020,429,276,121,32,420,416,413.75,18,7,6.64285714285714,,,,,,
13.05.2020,13/05/2020,437,243,161,33,433,425.666666666667,421.25,8,8,6.64285714285714,,,,,,
14.05.2020,14/05/2020,445,250,161,34,441,437,430.5,8,8.14285714285714,6.85714285714286,,,,,,
15.05.2020,15/05/2020,458,219,204,35,451.5,446.666666666667,442.25,13,8,7.57142857142857,,,,,,
16.05.2020,16/05/2020,459,220,204,35,458.5,454,449.75,1,7.42857142857143,7.07142857142857,,,,,,
17.05.2020,17/05/2020,459,220,204,35,459,458.666666666667,455.25,0,7.28571428571429,6.85714285714286,,,,,,
18.05.2020,18/05/2020,461,203,221,37,460,459.666666666667,459.25,2,7.14285714285714,6.57142857142857,,,,,,
19.05.2020,19/05/2020,473,215,221,37,467,464.333333333333,463,12,6.28571428571429,6.64285714285714,,,,,,
20.05.2020,20/05/2020,483,199,246,38,478,472.333333333333,469,10,6.57142857142857,7.28571428571429,,,,,,
21.05.2020,21/05/2020,483,199,246,38,483,479.666666666667,475,0,5.42857142857143,6.78571428571429,,,,,,
22.05.2020,22/05/2020,483,198,246,39,483,483,480.5,0,3.57142857142857,5.78571428571429,,,,,,
23.05.2020,23/05/2020,485,200,246,39,484,483.666666666667,483.5,2,3.71428571428571,5.57142857142857,,,,,,
24.05.2020,24/05/2020,488,203,246,39,486.5,485.333333333333,484.75,3,4.14285714285714,5.71428571428571,,,,,,
25.05.2020,25/05/2020,494,167,288,39,491,489,487.5,6,4.71428571428571,5.92857142857143,,,,,,
26.05.2020,26/05/2020,497,169,288,40,495.5,493,491,3,3.42857142857143,4.85714285714286,,,,,,
27.05.2020,27/05/2020,509,178,291,40,503,500,497,12,3.71428571428571,5.14285714285714,,,,,,
28.05.2020,28/05/2020,509,178,291,40,509,505,502.25,0,3.71428571428571,4.57142857142857,,,,,,
29.05.2020,29/05/2020,509,155,314,40,509,509,506,0,3.71428571428571,3.64285714285714,,,,,,
30.05.2020,30/05/2020,511,157,314,40,510,509.666666666667,509.5,2,3.71428571428571,3.71428571428571,,,,,,
31.05.2020,31/05/2020,514,160,314,40,512.5,511.333333333333,510.75,3,3.71428571428571,3.92857142857143,,,,,,
01.06.2020,01/06/2020,519,160,318,41,516.5,514.666666666667,513.25,5,3.57142857142857,4.14285714285714,,,,,,
02.06.2020,02/06/2020,522,163,318,41,520.5,518.333333333333,516.5,3,3.57142857142857,3.5,,,,,,
03.06.2020,03/06/2020,524,153,325,46,523,521.666666666667,519.75,2,2.14285714285714,2.92857142857143,,,,,,
04.06.2020,04/06/2020,526,155,325,46,525,524,522.75,2,2.42857142857143,3.07142857142857,,,,,,
05.06.2020,05/06/2020,532,149,334,49,529,527.333333333333,526,6,3.28571428571429,3.5,,,,,,
06.06.2020,06/06/2020,533,150,334,49,532.5,530.333333333333,528.75,1,3.14285714285714,3.42857142857143,,,,,,
07.06.2020,07/06/2020,533,150,334,49,533,532.666666666667,531,0,2.71428571428571,3.21428571428571,,,,,,
08.06.2020,08/06/2020,533,131,350,52,533,533,532.75,0,2,2.78571428571429,,,,,,
09.06.2020,09/06/2020,538,136,350,52,535.5,534.666666666667,534.25,5,2.28571428571429,2.92857142857143,,,,,,
10.06.2020,10/06/2020,539,132,355,52,538.5,536.666666666667,535.75,1,2.14285714285714,2.14285714285714,,,,,,
11.06.2020,11/06/2020,539,132,355,52,539,538.666666666667,537.25,0,1.85714285714286,2.14285714285714,,,,,,
12.06.2020,12/06/2020,539,132,355,52,539,539,538.75,0,1,2.14285714285714,,,,,,
13.06.2020,13/06/2020,541,134,355,52,540,539.666666666667,539.5,2,1.14285714285714,2.14285714285714,,,,,,
14.06.2020,14/06/2020,541,134,355,52,541,540.333333333333,540,0,1.14285714285714,1.92857142857143,,,,,,
15.06.2020,15/06/2020,541,134,355,52,541,541,540.5,0,1.14285714285714,1.57142857142857,,,,,,
16.06.2020,16/06/2020,546,138,355,53,543.5,542.666666666667,542.25,5,1.14285714285714,1.71428571428571,,,,,,
17.06.2020,17/06/2020,548,117,378,53,547,545,544,2,1.28571428571429,1.71428571428571,,,,,,
18.06.2020,18/06/2020,552,120,378,54,550,548.666666666667,546.75,4,1.85714285714286,1.85714285714286,,,,,,
19.06.2020,19/06/2020,554,121,378,55,553,551.333333333333,550,2,2.14285714285714,1.57142857142857,,,,,,
20.06.2020,20/06/2020,561,128,378,55,557.5,555.666666666667,553.75,7,2.85714285714286,2,,,,,,
21.06.2020,21/06/2020,563,130,378,55,562,559.333333333333,557.5,2,3.14285714285714,2.14285714285714,,,,,,
22.06.2020,22/06/2020,564,124,385,55,563.5,562.666666666667,560.5,1,3.28571428571429,2.21428571428571,,,,,,
23.06.2020,23/06/2020,570,130,385,55,567,565.666666666667,564.5,6,3.42857142857143,2.28571428571429,,,,,,
24.06.2020,24/06/2020,575,135,385,55,572.5,569.666666666667,568,5,3.85714285714286,2.57142857142857,,,,,,
25.06.2020,25/06/2020,577,136,385,56,576,574,571.5,2,3.57142857142857,2.71428571428571,,,,,,
26.06.2020,26/06/2020,585,137,392,56,581,579,576.75,8,4.42857142857143,3.28571428571429,,,,,,
27.06.2020,27/06/2020,589,141,392,56,587,583.666666666667,581.5,4,4,3.42857142857143,,,,,,
28.06.2020,28/06/2020,591,143,392,56,590,588.333333333333,585.5,2,4,3.57142857142857,,,,,,
29.06.2020,29/06/2020,591,143,392,56,591,590.333333333333,589,0,3.85714285714286,3.57142857142857,,,,,,
30.06.2020,30/06/2020,591,139,392,60,591,591,590.5,0,3,3.21428571428571,,,,,,
01.07.2020,01/07/2020,593,136,397,60,592,591.666666666667,591.5,2,2.57142857142857,3.21428571428571,,,,,,
02.07.2020,02/07/2020,598,135,397,66,595.5,594,593.25,5,3,3.28571428571429,,,,,,
03.07.2020,03/07/2020,599,135,398,66,598.5,596.666666666667,595.25,1,2,3.21428571428571,,,,,,
04.07.2020,04/07/2020,599,135,398,66,599,598.666666666667,597.25,0,1.42857142857143,2.71428571428571,,,,,,
05.07.2020,05/07/2020,599,135,398,66,599,599,598.75,0,1.14285714285714,2.57142857142857,,,,,,
06.07.2020,06/07/2020,603,136,401,66,601,600.333333333333,600,4,1.71428571428571,2.78571428571429,,,,,,
07.07.2020,07/07/2020,609,142,401,66,606,603.666666666667,602.5,6,2.57142857142857,2.78571428571429,,,,,,
08.07.2020,08/07/2020,610,137,406,67,609.5,607.333333333333,605.25,1,2.42857142857143,2.5,,,,,,
09.07.2020,09/07/2020,610,137,406,67,610,609.666666666667,608,0,1.71428571428571,2.35714285714286,,,,,,
10.07.2020,10/07/2020,612,139,406,67,611,610.666666666667,610.25,2,1.85714285714286,1.92857142857143,,,,,,
11.07.2020,11/07/2020,612,139,406,67,612,611.333333333333,611,0,1.85714285714286,1.64285714285714,,,,,,
12.07.2020,12/07/2020,613,140,406,67,612.5,612.333333333333,611.75,1,2,1.57142857142857,,,,,,
13.07.2020,13/07/2020,613,137,409,67,613,612.666666666667,612.5,0,1.42857142857143,1.57142857142857,,,,,,
14.07.2020,14/07/2020,615,138,409,68,614,613.666666666667,613.25,2,0.857142857142857,1.71428571428571,,,,,,
15.07.2020,15/07/2020,615,128,418,69,615,614.333333333333,614,0,0.714285714285714,1.57142857142857,,,,,,
16.07.2020,16/07/2020,615,128,418,69,615,615,614.5,0,0.714285714285714,1.21428571428571,,,,,,
17.07.2020,17/07/2020,617,123,425,69,616,615.666666666667,615.5,2,0.714285714285714,1.28571428571429,,,,,,
18.07.2020,18/07/2020,621,127,425,69,619,617.666666666667,617,4,1.28571428571429,1.57142857142857,,,,,,
19.07.2020,19/07/2020,623,129,425,69,622,620.333333333333,619,2,1.42857142857143,1.71428571428571,,,,,,
20.07.2020,20/07/2020,623,124,430,69,623,622.333333333333,621,0,1.42857142857143,1.42857142857143,,,,,,
21.07.2020,21/07/2020,625,126,430,69,624,623.666666666667,623,2,1.42857142857143,1.14285714285714,,,,,,
22.07.2020,22/07/2020,628,128,431,69,626.5,625.333333333333,624.75,3,1.85714285714286,1.28571428571429,,,,,,
23.07.2020,23/07/2020,628,128,431,69,628,627,626,0,1.85714285714286,1.28571428571429,,,,,,
24.07.2020,24/07/2020,635,135,431,69,631.5,630.333333333333,629,7,2.57142857142857,1.64285714285714,,,,,,
25.07.2020,25/07/2020,638,138,431,69,636.5,633.666666666667,632.25,3,2.42857142857143,1.85714285714286,,,,,,
26.07.2020,26/07/2020,640,139,431,70,639,637.666666666667,635.25,2,2.42857142857143,1.92857142857143,,,,,,
27.07.2020,27/07/2020,646,144,432,70,643,641.333333333333,639.75,6,3.28571428571429,2.35714285714286,,,,,,
28.07.2020,28/07/2020,652,150,432,70,649,646,644,6,3.85714285714286,2.64285714285714,,,,,,
29.07.2020,29/07/2020,657,152,432,73,654.5,651.666666666667,648.75,5,4.14285714285714,3,,,,,,
30.07.2020,30/07/2020,657,152,432,73,657,655.333333333333,653,0,4.14285714285714,3,,,,,,
31.07.2020,31/07/2020,665,146,446,73,661,659.666666666667,657.75,8,4.28571428571429,3.42857142857143,,,,,,
01.08.2020,01/08/2020,666,147,446,73,665.5,662.666666666667,661.25,1,4,3.21428571428571,,,,,,
02.08.2020,02/08/2020,667,146,446,75,666.5,666,663.75,1,3.85714285714286,3.14285714285714,,,,,,
03.08.2020,03/08/2020,671,150,446,75,669,668,667.25,4,3.57142857142857,3.42857142857143,,,,,,
04.08.2020,04/08/2020,684,163,446,75,677.5,674,672,13,4.57142857142857,4.21428571428571,,,,,,
05.08.2020,05/08/2020,687,164,447,76,685.5,680.666666666667,677.25,3,4.28571428571429,4.21428571428571,,,,,,
06.08.2020,06/08/2020,692,168,447,77,689.5,687.666666666667,683.5,5,5,4.57142857142857,,,,,,
07.08.2020,07/08/2020,697,172,447,78,694.5,692,690,5,4.57142857142857,4.42857142857143,,,,,,
08.08.2020,08/08/2020,712,186,447,79,704.5,700.333333333333,697,15,6.57142857142857,5.28571428571429,,,,,,
09.08.2020,09/08/2020,717,191,447,79,714.5,708.666666666667,704.5,5,7.14285714285714,5.5,,,,,,
10.08.2020,10/08/2020,719,192,448,79,718,716,711.25,2,6.85714285714286,5.21428571428571,,,,,,
11.08.2020,11/08/2020,721,193,448,80,720,719,717.25,2,5.28571428571429,4.92857142857143,,,,,,
12.08.2020,12/08/2020,728,188,460,80,724.5,722.666666666667,721.25,7,5.85714285714286,5.07142857142857,,,,,,
13.08.2020,13/08/2020,735,195,460,80,731.5,728,725.75,7,6.14285714285714,5.57142857142857,,,,,,
14.08.2020,14/08/2020,742,201,460,81,738.5,735,731.5,7,6.42857142857143,5.5,,,,,,
15.08.2020,15/08/2020,791,250,460,81,766.5,756,749,49,11.2857142857143,8.92857142857143,,,,,,
16.08.2020,16/08/2020,794,253,460,81,792.5,775.666666666667,765.5,3,11,9.07142857142857,,,,,,
17.08.2020,17/08/2020,794,248,465,81,794,793,780.25,0,10.7142857142857,8.78571428571429,,,,,,
18.08.2020,18/08/2020,815,269,465,81,804.5,801,798.5,21,13.4285714285714,9.35714285714286,,,,,,
19.08.2020,19/08/2020,821,270,470,81,818,810,806,6,13.2857142857143,9.57142857142857,,,,,,
20.08.2020,20/08/2020,832,281,470,81,826.5,822.666666666667,815.5,11,13.8571428571429,10,,,,,,
21.08.2020,21/08/2020,838,285,472,81,835,830.333333333333,826.5,6,13.7142857142857,10.0714285714286,,,,,,
22.08.2020,22/08/2020,850,297,472,81,844,840,835.25,12,8.42857142857143,9.85714285714286,,,,,,
23.08.2020,23/08/2020,861,308,472,81,855.5,849.666666666667,845.25,11,9.57142857142857,10.2857142857143,,,,,,
24.08.2020,24/08/2020,869,313,475,81,865,860,854.5,8,10.7142857142857,10.7142857142857,,,,,,
25.08.2020,25/08/2020,878,322,475,81,873.5,869.333333333333,864.5,9,9,11.2142857142857,,,,,,
26.08.2020,26/08/2020,882,325,475,82,880,876.333333333333,872.5,4,8.71428571428571,11,,,,,,
27.08.2020,27/08/2020,886,327,475,84,884,882,878.75,4,7.71428571428571,10.7857142857143,,,,,,
28.08.2020,28/08/2020,899,335,480,84,892.5,889,886.25,13,8.71428571428571,11.2142857142857,,,,,,
29.08.2020,29/08/2020,926,362,480,84,912.5,903.666666666667,898.25,27,10.8571428571429,9.64285714285714,,,,,,
30.08.2020,30/08/2020,930,366,480,84,928,918.333333333333,910.25,4,9.85714285714286,9.71428571428571,,,,,,